# W_Value [GeV] Elastic [pb] Inelastic_I [pb] Inelastic_II [pb] Inelastic_III [pb]
1.00000000e+01	1.44827604e-05	7.25545861e-05	1.47559695e-05	4.97681335e-07
1.01536600e+01	1.44827604e-05	7.25545861e-05	1.47559695e-05	4.97681335e-07
1.04680900e+01	1.44827604e-05	7.25545861e-05	1.47559695e-05	4.97681335e-07
1.07922600e+01	1.44827604e-05	7.25545861e-05	1.47559695e-05	4.97681335e-07
1.09581000e+01	1.44827604e-05	7.25545861e-05	1.47559695e-05	4.97681335e-07
1.11264800e+01	1.44827604e-05	7.25545861e-05	1.47559695e-05	4.97681335e-07
1.12974400e+01	1.44827604e-05	7.25545861e-05	1.47559695e-05	4.97681335e-07
1.16473000e+01	1.44827604e-05	7.25545861e-05	1.47559695e-05	4.97681335e-07
1.20079900e+01	1.44827604e-05	7.25545861e-05	1.47559695e-05	4.97681335e-07
1.23798500e+01	1.44827604e-05	7.25545861e-05	1.47559695e-05	4.97681335e-07
1.25700700e+01	1.44827604e-05	7.25545861e-05	1.47559695e-05	4.97681335e-07
1.29593400e+01	1.44827604e-05	7.25545861e-05	1.47559695e-05	4.97681335e-07
1.33606600e+01	1.44827604e-05	7.25545861e-05	1.47559695e-05	4.97681335e-07
1.35659500e+01	1.44827604e-05	7.25545861e-05	1.47559695e-05	4.97681335e-07
1.37744000e+01	1.44827604e-05	7.25545861e-05	1.47559695e-05	4.97681335e-07
1.39860600e+01	1.44827604e-05	7.25545861e-05	1.47559695e-05	4.97681335e-07
1.44191700e+01	1.44827604e-05	7.25545861e-05	1.47559695e-05	4.97681335e-07
1.46407400e+01	1.44827604e-05	7.25545861e-05	1.47559695e-05	4.97681335e-07
1.48657000e+01	1.44827604e-05	7.25545861e-05	1.47559695e-05	4.97681335e-07
1.50941300e+01	1.44827604e-05	7.25545861e-05	1.47559695e-05	4.97681335e-07
1.53260600e+01	1.44827604e-05	7.25545861e-05	1.47559695e-05	4.97681335e-07
1.58006700e+01	1.44827604e-05	7.25545861e-05	1.47559695e-05	4.97681335e-07
1.62899800e+01	1.44827604e-05	7.25545861e-05	1.47559695e-05	4.97681335e-07
1.65402900e+01	1.44827604e-05	7.25545861e-05	1.47559695e-05	4.97681335e-07
1.67944400e+01	1.44827604e-05	7.25545861e-05	1.47559695e-05	4.97681335e-07
1.70525000e+01	1.44827604e-05	7.25545861e-05	1.47559695e-05	4.97681335e-07
1.73145300e+01	1.44827604e-05	7.25545861e-05	1.47559695e-05	4.97681335e-07
1.75805800e+01	1.44827604e-05	7.25545861e-05	1.47559695e-05	4.97681335e-07
1.78507200e+01	1.44827604e-05	7.25545861e-05	1.47559695e-05	4.97681335e-07
1.81250100e+01	1.44827604e-05	7.25545861e-05	1.47559695e-05	4.97681335e-07
1.86862900e+01	1.44827604e-05	7.25545861e-05	1.47559695e-05	4.97681335e-07
1.89734200e+01	1.44827604e-05	7.25545861e-05	1.47559695e-05	4.97681335e-07
1.95609900e+01	1.44827604e-05	7.25545861e-05	1.47559695e-05	4.97681335e-07
1.98615500e+01	1.44827604e-05	7.25545861e-05	1.47559695e-05	4.97681335e-07
2.01667400e+01	1.44827604e-05	7.25545861e-05	1.47559695e-05	4.97681335e-07
2.04766200e+01	1.44827604e-05	7.25545861e-05	1.47559695e-05	4.97681335e-07
2.07912600e+01	1.44827604e-05	7.25545861e-05	1.47559695e-05	4.97681335e-07
2.11107300e+01	1.44827604e-05	7.25545861e-05	1.47559695e-05	4.97681335e-07
2.17644800e+01	1.44827604e-05	7.25545861e-05	1.47559695e-05	4.97681335e-07
2.20989100e+01	1.44827604e-05	7.25545861e-05	1.47559695e-05	4.97681335e-07
2.24384800e+01	1.44827604e-05	7.25545861e-05	1.47559695e-05	4.97681335e-07
2.27832600e+01	1.44827604e-05	7.25545861e-05	1.47559695e-05	4.97681335e-07
2.31333400e+01	1.44827604e-05	7.25545861e-05	1.47559695e-05	4.97681335e-07
2.34888100e+01	1.44827604e-05	7.25545861e-05	1.47559695e-05	4.97681335e-07
2.38497300e+01	1.44827604e-05	7.25545861e-05	1.47559695e-05	4.97681335e-07
2.49661200e+01	1.44827604e-05	7.25545861e-05	1.47559695e-05	4.97681335e-07
2.53497400e+01	1.44827604e-05	7.25545861e-05	1.47559695e-05	4.97681335e-07
2.57392600e+01	1.44827604e-05	7.25545861e-05	1.47559695e-05	4.97681335e-07
2.65363400e+01	1.44827604e-05	7.25545861e-05	1.47559695e-05	4.97681335e-07
2.69440900e+01	1.44827604e-05	7.25545861e-05	1.47559695e-05	4.97681335e-07
2.77784900e+01	1.44827604e-05	7.25545861e-05	1.47559695e-05	4.97681335e-07
2.82053300e+01	1.44827604e-05	7.25545861e-05	1.47559695e-05	4.97681335e-07
2.86387200e+01	1.44827604e-05	7.25545861e-05	1.47559695e-05	4.97681335e-07
2.90787800e+01	1.44827604e-05	7.25545861e-05	1.47559695e-05	4.97681335e-07
2.95256000e+01	1.44827604e-05	7.25545861e-05	1.47559695e-05	4.97681335e-07
3.04399300e+01	1.44827604e-05	7.25545861e-05	1.47559695e-05	4.97681335e-07
3.23544300e+01	1.44827604e-05	7.25545861e-05	1.47559695e-05	4.97681335e-07
3.43893400e+01	1.44827604e-05	7.25545861e-05	1.47559695e-05	4.97681335e-07
3.54543000e+01	1.44827604e-05	7.25545861e-05	1.47559695e-05	4.97681335e-07
3.59990800e+01	1.44827604e-05	7.25545861e-05	1.47559695e-05	4.97681335e-07
3.71138900e+01	1.44827604e-05	7.25545861e-05	1.47559695e-05	4.97681335e-07
3.76841700e+01	1.44827604e-05	7.25545861e-05	1.47559695e-05	4.97681335e-07
3.82632100e+01	1.44827604e-05	7.25545861e-05	1.47559695e-05	4.97681335e-07
3.88511600e+01	1.44827604e-05	7.25545861e-05	1.47559695e-05	4.97681335e-07
3.94481400e+01	1.44827604e-05	7.25545861e-05	1.47559695e-05	4.97681335e-07
4.00542900e+01	1.44827604e-05	7.25545861e-05	1.47559695e-05	4.97681335e-07
4.12946700e+01	1.44827604e-05	7.25545861e-05	1.47559695e-05	4.97681335e-07
4.19292000e+01	1.44827604e-05	7.25545861e-05	1.47559695e-05	4.97681335e-07
4.25734700e+01	1.44827604e-05	7.25545861e-05	1.47559695e-05	4.97681335e-07
4.32276500e+01	1.44827604e-05	7.25545861e-05	1.47559695e-05	4.97681335e-07
4.52511000e+01	1.44827604e-05	7.25545861e-05	1.47559695e-05	4.97681335e-07
4.59464200e+01	1.44827604e-05	7.25545861e-05	1.47559695e-05	4.97681335e-07
4.66524200e+01	1.44827604e-05	7.25545861e-05	1.47559695e-05	4.97681335e-07
4.73692700e+01	1.44827604e-05	7.25545861e-05	1.47559695e-05	4.97681335e-07
4.80971300e+01	1.44827604e-05	7.25545861e-05	1.47559695e-05	4.97681335e-07
4.88361800e+01	1.44827604e-05	7.25545861e-05	1.47559695e-05	4.97681335e-07
4.95865900e+01	1.44827604e-05	7.25545861e-05	1.47559695e-05	4.97681335e-07
5.11221700e+01	1.44827604e-05	7.25545861e-05	1.47559695e-05	4.97681335e-07
5.19077000e+01	1.44827604e-05	7.25545861e-05	1.47559695e-05	4.97681335e-07
5.27053000e+01	1.44827604e-05	7.25545861e-05	1.47559695e-05	4.97681335e-07
5.35151600e+01	1.44827604e-05	7.25545861e-05	1.47559695e-05	4.97681335e-07
5.43374600e+01	1.44827604e-05	7.25545861e-05	1.47559695e-05	4.97681335e-07
5.51724000e+01	1.44827604e-05	7.25545861e-05	1.47559695e-05	4.97681335e-07
5.60201600e+01	1.44827604e-05	7.25545861e-05	1.47559695e-05	4.97681335e-07
5.68809600e+01	1.44827604e-05	7.25545861e-05	1.47559695e-05	4.97681335e-07
5.77549800e+01	1.44827604e-05	7.25545861e-05	1.47559695e-05	4.97681335e-07
5.95435100e+01	1.44827604e-05	7.25545861e-05	1.47559695e-05	4.97681335e-07
6.04584400e+01	1.44827604e-05	7.25545861e-05	1.47559695e-05	4.97681335e-07
6.13874300e+01	1.44827604e-05	7.25545861e-05	1.47559695e-05	4.97681335e-07
6.23307000e+01	1.44827604e-05	7.25545861e-05	1.47559695e-05	4.97681335e-07
6.32884600e+01	1.44827604e-05	7.25545861e-05	1.47559695e-05	4.97681335e-07
6.42609300e+01	1.44827604e-05	7.25545861e-05	1.47559695e-05	4.97681335e-07
6.52483500e+01	1.44827604e-05	7.25545861e-05	1.47559695e-05	4.97681335e-07
6.72689400e+01	1.44827604e-05	7.25545861e-05	1.47559695e-05	4.97681335e-07
6.83025800e+01	1.44827604e-05	7.25545861e-05	1.47559695e-05	4.97681335e-07
6.93521000e+01	1.44827604e-05	7.25545861e-05	1.47559695e-05	4.97681335e-07
7.25984200e+01	1.44827604e-05	7.25545861e-05	1.47559695e-05	4.97681335e-07
7.37139500e+01	1.44827604e-05	7.25545861e-05	1.47559695e-05	4.97681335e-07
7.48466200e+01	1.44827604e-05	7.25545861e-05	1.47559695e-05	4.97681335e-07
7.59966900e+01	1.44827604e-05	7.25545861e-05	1.47559695e-05	4.97681335e-07
7.71644400e+01	1.44827604e-05	7.25545861e-05	1.47559695e-05	4.97681335e-07
7.83501300e+01	1.44827604e-05	7.25545861e-05	1.47559695e-05	4.97681335e-07
7.95540400e+01	1.44827604e-05	7.25545861e-05	1.47559695e-05	4.97681335e-07
8.07764500e+01	1.44827604e-05	7.25545861e-05	1.47559695e-05	4.97681335e-07
8.20176400e+01	1.44827604e-05	7.25545861e-05	1.47559695e-05	4.97681335e-07
8.32779100e+01	1.44827604e-05	7.25545861e-05	1.47559695e-05	4.97681335e-07
8.45575400e+01	1.44827604e-05	7.25545861e-05	1.47559695e-05	4.97681335e-07
8.58568300e+01	1.44827604e-05	7.25545861e-05	1.47559695e-05	4.97681335e-07
8.71760800e+01	1.44827604e-05	7.25545861e-05	1.47559695e-05	4.97681335e-07
8.85156100e+01	1.44827604e-05	7.25545861e-05	1.47559695e-05	4.97681335e-07
9.12567300e+01	1.44827604e-05	7.25545861e-05	1.47559695e-05	4.97681335e-07
9.26589600e+01	1.44827604e-05	7.25545861e-05	1.47559695e-05	4.97681335e-07
9.55283900e+01	1.44827604e-05	7.25545861e-05	1.47559695e-05	4.97681335e-07
9.69962600e+01	1.44827604e-05	7.25545861e-05	1.47559695e-05	4.97681335e-07
9.84866800e+01	1.44827604e-05	7.25545861e-05	1.47559695e-05	4.97681335e-07
1.00000000e+02	1.44827604e-05	7.25545861e-05	1.47559695e-05	4.97681335e-07
1.01536600e+02	1.44827604e-05	7.25545861e-05	1.47559695e-05	4.97681335e-07
1.03096800e+02	1.44827604e-05	7.25545861e-05	1.47559695e-05	4.97681335e-07
1.04680900e+02	1.44827604e-05	7.25545861e-05	1.47559695e-05	4.97681335e-07
1.09581000e+02	1.44827604e-05	7.25545861e-05	1.47559695e-05	4.97681335e-07
1.11264800e+02	1.44827604e-05	7.25545861e-05	1.47559695e-05	4.97681335e-07
1.12974400e+02	1.44827604e-05	7.25545861e-05	1.47559695e-05	4.97681335e-07
1.14710400e+02	1.44827604e-05	7.25545861e-05	1.47559695e-05	4.97681335e-07
1.16473000e+02	1.44827604e-05	7.25545861e-05	1.47559695e-05	4.97681335e-07
1.18262700e+02	1.44827604e-05	7.25545861e-05	1.47559695e-05	4.97681335e-07
1.20079900e+02	1.44827604e-05	7.25545861e-05	1.47559695e-05	4.97681335e-07
1.21925000e+02	1.44827604e-05	7.25545861e-05	1.47559695e-05	4.97681335e-07
1.25700700e+02	1.44827604e-05	7.25545861e-05	1.47559695e-05	4.97681335e-07
1.27632200e+02	1.44827604e-05	7.25545861e-05	1.47559695e-05	4.97681335e-07
1.29593400e+02	1.44827604e-05	7.25545861e-05	1.47559695e-05	4.97681335e-07
1.31584700e+02	1.44827604e-05	7.25545861e-05	1.47559695e-05	4.97681335e-07
1.33606600e+02	1.44827604e-05	7.25545861e-05	1.47559695e-05	4.97681335e-07
1.35659500e+02	1.44827604e-05	7.25545861e-05	1.47559695e-05	4.97681335e-07
1.37744000e+02	1.44827604e-05	7.25545861e-05	1.47559695e-05	4.97681335e-07
1.39860600e+02	1.44827604e-05	7.25545861e-05	1.47559695e-05	4.97681335e-07
1.42009700e+02	1.44827604e-05	7.25545861e-05	1.47559695e-05	4.97681335e-07
1.44191700e+02	1.44827604e-05	7.25545861e-05	1.47559695e-05	4.97681335e-07
1.46407400e+02	1.44827604e-05	7.25545861e-05	1.47559695e-05	4.97681335e-07
1.50941300e+02	1.44827604e-05	7.25545861e-05	1.47559695e-05	4.97681335e-07
1.53260600e+02	1.44827604e-05	7.25545861e-05	1.47559695e-05	4.97681335e-07
1.55615500e+02	1.44827604e-05	7.25545861e-05	1.47559695e-05	4.97681335e-07
1.60434600e+02	1.44827604e-05	7.25545861e-05	1.47559695e-05	4.97681335e-07
1.62899800e+02	1.44827604e-05	7.25545861e-05	1.47559695e-05	4.97681335e-07
1.65402900e+02	1.44827604e-05	7.25545861e-05	1.47559695e-05	4.97681335e-07
1.67944400e+02	1.44827604e-05	7.25545861e-05	1.47559695e-05	4.97681335e-07
1.73145300e+02	1.44827604e-05	7.25545861e-05	1.47559695e-05	4.97681335e-07
1.75805800e+02	1.44827604e-05	7.25545861e-05	1.47559695e-05	4.97681335e-07
1.78507200e+02	1.44827604e-05	7.25545861e-05	1.47559695e-05	4.97681335e-07
1.81250100e+02	1.44827604e-05	7.25545861e-05	1.47559695e-05	4.97681335e-07
1.84035100e+02	1.44253794e-05	7.25545861e-05	1.47559695e-05	4.97681335e-07
1.86862900e+02	1.42994541e-05	7.25545861e-05	1.47559695e-05	4.97681335e-07
1.89734200e+02	1.41520691e-05	7.25545861e-05	1.47559695e-05	4.97681335e-07
1.92649600e+02	1.39817757e-05	7.25545861e-05	1.47559695e-05	4.97681335e-07
1.95609900e+02	1.37873571e-05	7.25545861e-05	1.47559695e-05	4.97681335e-07
1.98615500e+02	1.35679588e-05	7.25545861e-05	1.47559695e-05	4.97681335e-07
2.04766200e+02	1.30526390e-05	7.24277594e-05	1.47559695e-05	4.97681335e-07
2.07912600e+02	1.27559655e-05	7.21479453e-05	1.47559695e-05	4.97681335e-07
2.11107300e+02	1.24340387e-05	7.18175874e-05	1.47559695e-05	4.97681335e-07
2.14351200e+02	1.20879548e-05	7.14323026e-05	1.47559695e-05	4.97681335e-07
2.17644800e+02	1.17188135e-05	7.04792139e-05	1.47559695e-05	4.97681335e-07
2.20989100e+02	1.13279002e-05	6.99048803e-05	1.47559695e-05	4.97681335e-07
2.24384800e+02	1.09169319e-05	6.85497393e-05	1.47559695e-05	4.97681335e-07
2.27832600e+02	1.04879736e-05	6.77660059e-05	1.47559695e-05	4.97681335e-07
2.31333400e+02	1.00431873e-05	6.69121152e-05	1.47559695e-05	4.97681335e-07
2.34888100e+02	9.58493282e-06	6.59891830e-05	1.47559695e-05	4.97681335e-07
2.45883000e+02	8.16053001e-06	6.39392548e-05	1.47559695e-05	4.97681335e-07
2.49661200e+02	7.67398584e-06	6.28138215e-05	1.47559695e-05	4.97681335e-07
2.53497400e+02	7.18695207e-06	6.16272755e-05	1.47559695e-05	4.97681335e-07
2.57392600e+02	6.70217012e-06	6.03829033e-05	1.47559695e-05	4.97681335e-07
2.61347600e+02	6.22191587e-06	5.90854846e-05	1.47559695e-05	4.97681335e-07
2.69440900e+02	5.28474822e-06	5.77408322e-05	1.47559695e-05	4.97681335e-07
2.82053300e+02	3.96769698e-06	5.63511072e-05	1.47559695e-05	4.97681335e-07
2.90787800e+02	3.16880267e-06	5.34594454e-05	1.47559695e-05	4.97681335e-07
2.95256000e+02	2.79775244e-06	5.04521454e-05	1.47559695e-05	4.97681335e-07
2.99792800e+02	2.44733715e-06	4.89146180e-05	1.47559695e-05	4.97681335e-07
3.09076700e+02	1.81187164e-06	4.73629064e-05	1.47559695e-05	4.97681335e-07
3.18648000e+02	1.26856332e-06	4.58029613e-05	1.47559695e-05	4.97681335e-07
3.23544300e+02	1.03310640e-06	4.42361832e-05	1.47559695e-05	4.97681335e-07
3.33563700e+02	6.35008645e-07	4.26692518e-05	1.47559695e-05	4.97681335e-07
3.38689200e+02	4.73412972e-07	4.11081925e-05	1.47559695e-05	4.97681335e-07
3.43893400e+02	3.36496665e-07	3.80166149e-05	1.47559695e-05	4.97681335e-07
3.59990800e+02	6.76684686e-08	3.64912096e-05	1.47559695e-05	4.97681335e-07
3.71138900e+02	4.73448732e-09	3.49831872e-05	1.47559695e-05	4.97681335e-07
3.76841700e+02	0.00000000e+00	3.34968757e-05	1.47559695e-05	4.97681335e-07
3.82632100e+02	0.00000000e+00	3.06008924e-05	1.47559695e-05	4.97681335e-07
3.88511600e+02	0.00000000e+00	2.78201750e-05	1.47559695e-05	4.97681335e-07
3.94481400e+02	0.00000000e+00	2.64781167e-05	1.47104311e-05	4.97681335e-07
4.00542900e+02	0.00000000e+00	2.51710703e-05	1.46112028e-05	4.97681335e-07
4.06697500e+02	0.00000000e+00	2.38998938e-05	1.44965878e-05	4.97681335e-07
4.12946700e+02	0.00000000e+00	2.14674383e-05	1.43656514e-05	4.97681335e-07
4.19292000e+02	0.00000000e+00	2.03085841e-05	1.42174436e-05	4.97681335e-07
4.25734700e+02	0.00000000e+00	1.91885501e-05	1.40513286e-05	4.97681335e-07
4.32276500e+02	0.00000000e+00	1.81065246e-05	1.38669732e-05	4.97681335e-07
4.38918700e+02	0.00000000e+00	1.70632722e-05	1.36642656e-05	4.97681335e-07
4.45663000e+02	0.00000000e+00	1.50954087e-05	1.34431026e-05	4.97681335e-07
4.52511000e+02	0.00000000e+00	1.41710381e-05	1.32035928e-05	4.97681335e-07
4.59464200e+02	0.00000000e+00	1.32850769e-05	1.29464283e-05	4.97681335e-07
4.66524200e+02	0.00000000e+00	1.24374023e-05	1.26724856e-05	4.97681335e-07
4.73692700e+02	0.00000000e+00	1.16271435e-05	1.23821505e-05	4.97681335e-07
4.80971300e+02	0.00000000e+00	1.08540178e-05	1.20762749e-05	4.97681335e-07
4.88361800e+02	0.00000000e+00	9.41644754e-06	1.17563344e-05	4.97681335e-07
4.95865900e+02	0.00000000e+00	8.11929168e-06	1.14234849e-05	4.97681335e-07
5.03485300e+02	0.00000000e+00	7.52129032e-06	1.10791483e-05	4.97681335e-07
5.11221700e+02	0.00000000e+00	6.95543675e-06	1.07246293e-05	4.97681335e-07
5.19077000e+02	0.00000000e+00	6.42187935e-06	1.03617263e-05	4.97681335e-07
5.27053000e+02	0.00000000e+00	5.91898962e-06	9.99223276e-06	4.97681335e-07
5.35151600e+02	0.00000000e+00	5.44516507e-06	9.61738219e-06	4.97681335e-07
5.43374600e+02	0.00000000e+00	4.99971108e-06	9.23884157e-06	4.97681335e-07
5.51724000e+02	0.00000000e+00	4.58181015e-06	8.85773300e-06	4.97681335e-07
5.60201600e+02	0.00000000e+00	4.19073805e-06	8.47574745e-06	4.97681335e-07
5.68809600e+02	0.00000000e+00	3.48303915e-06	8.09442974e-06	4.97681335e-07
5.77549800e+02	0.00000000e+00	3.16510803e-06	7.34019316e-06	4.97681335e-07
5.86424200e+02	0.00000000e+00	2.86950699e-06	6.96906084e-06	4.57486022e-07
5.95435100e+02	0.00000000e+00	2.34034539e-06	6.60333277e-06	4.40262518e-07
6.04584400e+02	0.00000000e+00	2.10573259e-06	6.24455207e-06	4.21613152e-07
6.13874300e+02	0.00000000e+00	1.88957085e-06	5.89344754e-06	4.01579295e-07
6.23307000e+02	0.00000000e+00	1.69090413e-06	5.55108322e-06	3.80239305e-07
6.32884600e+02	0.00000000e+00	1.50866936e-06	5.21791842e-06	3.57696507e-07
6.42609300e+02	0.00000000e+00	1.34182930e-06	4.89434802e-06	3.34090527e-07
6.52483500e+02	0.00000000e+00	1.18946359e-06	4.58141024e-06	3.09580847e-07
6.62509400e+02	0.00000000e+00	1.05091405e-06	4.27958201e-06	2.84356956e-07
6.72689400e+02	0.00000000e+00	9.25246252e-07	3.71068889e-06	2.58602803e-07
6.83025800e+02	0.00000000e+00	8.11464069e-07	3.44393780e-06	2.32543297e-07
6.93521000e+02	0.00000000e+00	6.16157162e-07	3.18892189e-06	2.06503118e-07
7.04177500e+02	0.00000000e+00	5.33627516e-07	2.94620865e-06	1.09159217e-07
7.14997700e+02	0.00000000e+00	4.59948935e-07	2.71577652e-06	8.73265216e-08
7.25984200e+02	0.00000000e+00	3.94516320e-07	2.49745074e-06	6.72900925e-08
7.37139500e+02	0.00000000e+00	3.36644404e-07	2.29109502e-06	4.93761118e-08
7.48466200e+02	0.00000000e+00	2.85708581e-07	2.09656585e-06	3.38936100e-08
7.59966900e+02	0.00000000e+00	2.41069653e-07	1.91377899e-06	2.11314166e-08
7.71644400e+02	0.00000000e+00	1.67954667e-07	1.74229362e-06	1.13811714e-08
7.83501300e+02	0.00000000e+00	1.38844381e-07	1.58173686e-06	4.87624856e-09
7.95540400e+02	0.00000000e+00	9.23739388e-08	1.43192101e-06	0.00000000e+00
8.07764500e+02	0.00000000e+00	7.44242974e-08	1.29240263e-06	0.00000000e+00
8.20176400e+02	0.00000000e+00	5.93696579e-08	1.16308470e-06	0.00000000e+00
8.32779100e+02	0.00000000e+00	4.68514707e-08	1.04346059e-06	0.00000000e+00
8.45575400e+02	0.00000000e+00	3.65526933e-08	9.33026450e-07	0.00000000e+00
8.58568300e+02	0.00000000e+00	2.81557013e-08	8.31611601e-07	0.00000000e+00
8.71760800e+02	0.00000000e+00	2.13788291e-08	7.38603862e-07	0.00000000e+00
8.85156100e+02	0.00000000e+00	1.59833428e-08	6.53546209e-07	0.00000000e+00
8.98757200e+02	0.00000000e+00	1.17429242e-08	5.76117511e-07	0.00000000e+00
9.12567300e+02	0.00000000e+00	8.45766304e-09	5.05810239e-07	0.00000000e+00
9.26589600e+02	0.00000000e+00	3.99864395e-09	3.84585139e-07	0.00000000e+00
9.40827300e+02	0.00000000e+00	2.62575020e-09	3.33233166e-07	0.00000000e+00
9.55283900e+02	0.00000000e+00	1.64139096e-09	2.87338389e-07	0.00000000e+00
9.69962600e+02	0.00000000e+00	9.55440587e-10	2.46463841e-07	0.00000000e+00
9.84866800e+02	0.00000000e+00	4.91848694e-10	2.10239422e-07	0.00000000e+00
